00110000
00000000
00000000
00000000
00000000
00001101
00000011
00000000
00101000
11000001
01111111
00011110
00101010
01000010
00000000
00000000
00101000
00000000
00000110
00000000
10001010
01000100
00000000
00000000
00001010
00001100
00000001
00000000
00001000
01000010
00000000
00000001
00100110
01000011
00000000
00000000
00101000
00000001
00000000
00000000
01011010
01000000
00000100
00000000
01101010
10000011
00000010
00000000
01010010
10000011
00000000
00000000
00000000
11000000
00000000
00000000
10010000
01001100
00000000
00000000
00000010
10000001
00000010
00000000
00011010
01000011
00000000
00000000
00101000
00000000
00000010
00000000
10001010
01001100
00000000
00000000
00001010
01000100
00000000
00000000
00000010
00010011
00000011
00000000
00101000
01010100
10000000
00000000
00101010
00001010
00000001
00000000
00101000
01000000
00000000
00000000
10101010
01000000
00000001
00000000
10101010
00000010
00000000
00000000
01011010
00000000
00000001
00000000
01101010
01000100
00000000
00000000
00000010
10000010
00000010
00000000
00011010
00000000
00000110
00000000
10001010
