00110000
00000000
00110001
00110010
00110001
00110100
00000000
00000000
00000000
00000000
00001101
00000011
00000000
00101000
11000011
00000000
00000001
00101010
11000000
00000100
00000000
10001010
11000011
00000000
00000001
00001010
01000010
00000000
00000000
00101010
11000100
00000000
00000001
00101010
11000100
00000000
00000000
00000000
01000100
00000000
00000000
00001010
00000011
00000000
00000000
01011010
10000000
00000100
00000000
01101010
00000101
00000001
00000000
00100100
01000101
00000000
00000001
00001110
10000101
00000000
00000000
00010000
10000010
00000010
00000000
00010010
01000001
00000001
00000000
00000000
01000011
00000000
00000000
00001010
01000100
00000000
00000000
00001010
00000000
00000010
00000000
10001010
01000000
00000001
00000000
10101010
11000101
00000000
00000000
00100100
00000101
00000000
00000000
01100010
11000000
00000000
00000000
01101010
01000011
00000000
00000000
00000010
11000000
00000100
00000000
10001010
