00001101
00000011
00000000
00101000
10000000
00011010
00000000
10001010
01001100
00000000
00000000
00001010
10000000
00011010
00000000
10001010
00000001
00000011
00000000
00101000
01000001
00000000
00000000
00000010
01010011
00000000
00000000
00101000
01010100
10011111
00000001
00101010
10001010
00000000
00000000
00101010
01000000
00000000
00000000
10100010
01010011
10011111
00000001
00101010
01010100
10000000
00000000
00101010
11001010
00000000
00000000
00101010
01000000
00000000
00000000
10100010
