00001101
00000011
00000000
00101000
10000000
00011010
00000000
10001010
00010011
00000011
00000000
00101000
00010100
11110100
00000001
00101010
11001010
00001100
00000000
00101010
10000000
00000000
00000000
10100010
01010011
11110100
00000001
00101010
01010100
10000000
00000000
00101010
11001010
00001100
00000000
00101010
01000000
00000000
00000000
10100010
10000000
00000010
00000000
10001010
00010011
00000011
00000000
00101000
01010100
10000000
00000000
00101010
01001010
00000000
00000000
00101010
01000000
00000000
00000000
10100010
