00000000
00000000
00000000
00000000
00001101
00000011
00000000
00101000
01000000
00011010
00000000
10010010
01001100
00000000
00000000
00001010
00000000
00001000
00000000
10010010
01001100
00000000
00000000
00001010
00000000
00011011
00000000
10010010
01001100
00000000
00000000
00001010
11000000
00011011
00000000
10010010
01001100
00000000
00000000
00001010
10000000
00011101
00000000
10010010
01001100
00000000
00000000
00001010
01000000
00011001
00000000
10010010
01001100
00000000
00000000
00001010
00000000
00001000
00000000
10010010
01001100
00000000
00000000
00001010
01000000
00011001
00000000
10010010
01001100
00000000
00000000
00001010
00000000
00011011
00000000
10010010
01001100
00000000
00000000
00001010
00000000
00011011
00000000
10010010
01001100
00000000
00000000
00001010
01000000
00011010
00000000
10010010
01001100
00000000
00000000
00001010
01000000
00011001
00000000
10010010
01001100
00000000
00000000
00001010
10000000
00000010
00000000
10010010
01001100
00000000
00000000
00001010
00000000
00000000
00000000
10010010
00000001
00000011
00000000
00101000
01000001
00000011
00000000
00000010
01010011
00000000
00000000
00101000
01010100
10000000
00000000
00101010
10001010
00000011
00000000
00101010
01000000
00000000
00000000
10101010
01000000
00000001
00000000
10101010
