00001101
00000011
00000000
00101000
01001100
00000001
00000000
00001010
01010011
00000000
00000000
00101010
00010100
00000011
00000000
00101000
01001010
00000001
00000000
00101010
00000000
00000000
00000000
10100010
01001100
00000000
00000000
00000010
10000000
00000010
00000000
10001010
01001100
00000000
00000000
00001010
00000000
00000000
00000000
10001010
01001100
00000000
00000000
00001010
00010011
00000011
00000000
00101000
00010100
11101110
00000010
00101010
10001010
00000001
00000000
00101010
01000000
00000000
00000000
10100010
00010011
11101110
00000010
00101010
01010100
10000000
00000000
00101010
10001010
00000001
00000000
00101010
01000000
00000000
00000000
10100010
