00110000
00000000
01000101
01101110
01110100
01100101
01110010
00100000
01101110
01110101
01101101
00110001
00111010
00100000
00000000
01000101
01101110
01110100
01100101
01110010
00100000
01101110
01110101
01101101
00110010
00111010
00100000
00000000
01000101
01101110
01110100
01100101
01110010
00100000
00101000
00101011
00101100
00101101
00101100
00101010
00101100
00101111
00101001
00111010
00100000
00000000
00001010
00000000
00101011
00000000
00101101
00000000
00101111
00000000
00101010
00000000
00000000
00000000
00000000
11010011
00000000
00000001
00101010
01010100
10000000
00000000
00101010
10001010
00000011
00000000
00101010
01000000
00000000
00000000
10101010
01010011
00000000
00000000
00101010
10010100
11110000
00000010
00101010
10001010
00000010
00000000
00101010
00000000
00000000
00000000
10101010
00000000
00010010
00000000
10110010
01000110
00000000
00000000
00101000
01010011
00000111
00000001
00101010
01010100
10000000
00000000
00101010
10001010
00000100
00000000
00101010
01000000
00000000
00000000
10101010
10000111
11110000
00000010
00101010
11000111
00000010
00000000
00000010
01010011
00000000
00000000
00101010
11010100
00000001
00000000
00101000
11001010
00000000
00000000
00101010
00000000
00000000
00000000
10101010
00010011
00000100
00000001
00101010
01010100
10000000
00000000
00101010
10001010
00000011
00000000
00101010
01000000
00000000
00000000
10101010
01010011
00000000
00000000
00101010
10010100
11110000
00000010
00101010
10001010
00000010
00000000
00101010
00000000
00000000
00000000
10101010
00000000
00010010
00000000
10110010
01000010
00000000
00000000
00101000
10000001
00000001
00000000
00101000
01100111
00001100
00000001
01100110
00000000
00001010
00000000
01101010
11100111
00001100
00000001
01100110
10000000
00001010
00000000
01101010
11100111
00001101
00000001
01100110
00000000
00001011
00000000
01101010
01100111
00001101
00000001
01100110
10000000
00001011
00000000
01101010
00000000
00001100
00000000
10001010
10000001
00000000
00000000
00000000
00000000
00001100
00000000
10001010
10000001
00000000
00000000
00001000
00000000
00001100
00000000
10001010
10000001
00000000
00000000
00010000
00000000
00001100
00000000
10001010
10000001
00000000
00000000
00011000
00000000
00001100
00000000
10001010
10000000
00001100
00000000
10110010
11000000
00011000
00000000
10001010
00000100
00000000
00000000
00101010
01000010
00000000
00000000
00101000
11000000
00010000
00000000
10001010
01000100
00000000
00000000
00001010
00001100
00000001
00000000
00001000
01000010
00000000
00000001
00100110
01000011
00000000
00000000
00101000
00000001
00000000
00000000
01011010
00000000
11010100
00110000
01101010
10000011
00000010
00000000
01010010
10000011
00000000
00000000
00000000
11000000
00000000
00000000
10010000
01001100
00000000
00000000
00000010
10000001
00000010
00000000
00011010
01000011
00000000
00000000
00101000
01000000
00001110
00000000
10001010
01000000
00000001
00000000
10101010
00000010
00000000
00000000
01011010
01000000
00001101
00000000
01101010
01000100
00000000
00000000
00000010
10000010
00000010
00000000
00011010
11000000
00010000
00000000
10001010
00000001
00000000
00000000
00101010
00000010
00000000
00000000
00101010
00000011
00000000
00000000
00101010
00000100
00000000
00000000
00101010
00000101
00000000
00000000
00101010
10000011
11110000
00000010
00101010
10000000
00010111
00000000
10001010
10000011
11110000
00000010
00001010
01000010
00000000
00000000
00101010
10000100
11110000
00000010
00101010
11000100
00000000
00000000
00000000
01000100
00000000
00000000
00001010
00000011
00000000
00000000
01011010
00000000
11010100
00110000
01101010
00000101
00000001
00000000
00100100
01000101
00000000
00000001
00001110
10000101
00000000
00000000
00010000
10000010
00000010
00000000
00010010
01000001
00000001
00000000
00000000
01000011
00000000
00000000
00001010
01000100
00000000
00000000
00001010
00000000
00010101
00000000
10001010
11000101
00000000
00000000
00100100
00000101
00000000
00000000
01100010
11000000
00010011
00000000
01101010
01000011
00000000
00000000
00000010
10000000
00010111
00000000
10001010
01001100
00000000
00000000
00001010
01000100
00000000
00000000
00000010
00010011
00000011
00000000
00101000
01010100
10000000
00000000
00101010
00001010
00000001
00000000
00101000
01000000
00000000
00000000
10101010
